1.	1.0000000000000002
1.0202013400267558	1.0197857518500226
1.0408107741923882	1.039954776082709
1.0618365465453596	1.0605141767216788
1.0832870676749586	1.0814711771051455
1.1051709180756477	1.1028331214162346
1.1274968515793757	1.1246074762143357
1.1502737988572274	1.1468018319666136
1.1735108709918103	1.1694239045787749
1.1972173631218102	1.1924815369241426
1.2214027581601699	1.2159827003700456
1.2460767305873808	1.2399354963005038
1.2712491503214047	1.2643481576341429
1.2969300866657718	1.289229050336224
1.3231298123374369	1.314586674923646
1.3498588075760032	1.34042966796173
1.3771277643359572	1.366766803551545
1.4049475905635938	1.3936069948214485
1.4333294145603401	1.420959295329185
1.4622845894342245	1.4488329006110348
1.4918246976412703	1.477237149549537
1.5219615556186337	1.5061815258115108
1.552707218511336	1.535675659250256
1.5840739849944818	1.5657293272884145
1.6160744021928934	1.596352456279894
1.6487212707001282	1.6275551228492042
1.6820276496988864	1.659347555206539
1.7160068621848585	1.691740134436842
1.7506725002961012	1.7247433957610978
1.7860384307500734	1.7583680297680024
1.8221188003905089	1.79262488361415
1.858928041846342	1.827524962190814
1.8964808793049515	1.8630794292553488
1.9347923344020317	1.899299608525207
1.9738777322304477	1.9361969847325224
2.0137527074704766	1.9737832046371422
2.0544332106438876	2.012070077995988
2.0959355144943643	2.051069578486543
2.1382762204968184	2.090793844582253
2.181472265498201	2.131255180377566
2.225540928492468	2.1724660563603173
2.270499837532406	2.2144391101291188
2.3163669767810915	2.2571871470533704
2.3631606937057947	2.300723140873495
2.4108997064172097	2.345060234238949
2.45960311115695	2.390211739181547
2.509290389936298	2.436191137521601
2.5599814183292717	2.4830120812043583
2.611696473423118	2.530688392564635
2.664456241929417	2.579234064513944
2.718281828459045	2.628663260656994
2.7731947639642978	2.6789903153191985
2.82921701435156	2.7302297334983656
2.8863709892679585	2.7823961907285053
2.944679551065524	2.8355045328562856
3.0041660239464334	2.8895697757270917
3.0648542032930024	2.944607104778085
3.126768365186156	3.0006318745356535
3.1899332761161845	3.057659608014699
3.2543742028896707	3.115705996017189
3.3201169227365472	3.174786896327417
3.3871877336213347	3.2349183328015125
3.4556134647626755	3.2961164943486807
3.5254214873653824	3.3583977338017617
3.5966397255692817	3.4217785666747047
3.6692966676192444	3.4862756698046513
3.7434213772608627	3.5519058798762977
3.819043505366336	3.6186861918263653
3.896193301795215	3.686633757103593
3.9749016274947486	3.755765881903445
4.055199966844675	3.826100025098594
4.137120440251392	3.897653796203626
4.220695816996552	3.9704449531351984
4.305959528345206	4.044491399854387
4.392945680918757	4.119811183875831
4.4816890703380645	4.196422493642139
4.572225195142159	4.274343655762174
4.664590270988126	4.353593132111999
4.758821245137854	4.434189516797327
4.854955811237434	4.516151532976554
4.953032424395115	4.599498029543469
5.053090316563868	4.684247977669071
5.155169512234682	4.770420467201854
5.259310844446899	4.858034702926349
5.3655559711219745	4.94711000067966
5.4739473917272	5.037665783326026
5.584528464276054	5.129721576589616
5.697343422671991	5.223297004745956
5.812437394402589	5.318411786172526
5.929856418591146	5.415085728759369
6.0496474644129465	5.51333872518068
6.171858449883554	5.613190748028579
6.296538261026657	5.714661844810513
6.423736771429135	5.817772132811926
6.553504862191149	5.9225417938260625
6.68589444227927	6.028991068753028
6.8209584692907494	6.13714025207039
6.958750970637272	6.247009686177961
7.099327065156633	6.358619755619477
7.242742985161012	6.471990881184299
7.38905609893065	6.587143513892317
7.538324933661922	6.704098128865657
7.690609198878998	6.822875219090897
7.845969810318449	6.943495289075759
8.004468914296353	7.065978848404571
8.166169912567652	7.1903464051968715
8.331137487687693	7.316618459473898
8.499437628886124	7.4448154964378706
8.671137658463456	7.574957979669155
8.846306258720883	7.70706634424673
9.025013499434122	7.841160989797492
9.207330865882252	7.977262273480142
9.393331287442784	8.1153905029097
9.58308916676438	8.255565929028743
9.776680409528907	8.397808738931774
9.974182454814724	8.542139048649204
10.175674306073333	8.688576895897679
10.381236562731843	8.837142232803615
10.59095145243378	8.98785491860686
10.804902863931257	9.140734712331986
11.023176380641601	9.295801265543766
11.245859314881844	9.453074114939518
11.473040742794833	9.612572675104165
11.704811539980854	9.774316231210513
11.941264417849103	9.938323931757656
12.182493960703473	10.104614781341564
12.428596663577544	10.273207633465644
12.679670970833877	10.444121183399034
12.935817315543076	10.617373961090392
13.197138159658358	10.792984324144866
13.463738035001692	10.970970450872123
13.735723585077926	11.151350333413014
14.013203607733615	11.334141770952634
14.296289098677603	11.519362363027296
14.585093295880792	11.707029502933029
14.879731724872837	11.897160371242903
15.1803222449539	12.089771929440579
15.486985096339938	12.28488091367724
15.799842948260402	12.48250382865892
16.11902094802755	12.682656941671128
16.444646771097055	12.885356276747487
16.776850672139872	13.090617608988875
17.115765537145876	13.298456459039455
17.46152693657999	13.508888087725587
17.814273179612197	13.721927490863644
18.17414536944306	13.937589394242268
18.54128745974687	14.15588824878452
18.915846312255038	14.376838225895025
19.297971755502758	14.600453212996939
19.6878166447624	14.826746809263463
20.085536923187668	15.055732321547952
20.49129168419294	15.28742276051682
20.905243235092758	15.521830836988862
21.327557162026903	15.758968958484258
21.75840239619708	15.99884922598649
22.197951281441636	16.24148343091975
22.646379643175397	16.48688305234434
23.103866858722185	16.73505925437206
23.570595929068126	16.986022883803408
24.046753552064498	17.239784467987917
24.532530197109352	17.496354212908784
25.028120181337815	17.755742001492482
25.533721747351528	18.017957392143835
26.049537142518346	18.283009617506675
26.575772699873966	18.55090758341243
27.112638920657893	18.821659868213384
27.660350558516758	19.09527472205589
28.21912670540861	19.371760066632067
28.789190879242675	19.651123495035602
29.370771113289432	19.933372271858225
29.96410004739701	20.21851333350325
30.569415021050208	20.50655328871372
31.18695816830946	20.797498419312625
31.81697651466769	21.09135468115235
32.459722075863795	21.388127705270964
33.11545195869231	21.68782279923054
33.78442846384956	21.990444948721215
34.46691919085739	22.29599881925721
35.163197145106615	22.604488758147234
35.87354084706276	22.91591879661561
36.59823444367799	23.230292652111203
37.33756782205366	23.547613730793348
38.09183672539902	23.867885130189855
38.86134287133247	24.19110964202203
39.646394072572605	24.517289755191545
40.4473043600674	24.84642765892386
41.2643941086108	25.178525246062875
42.09799016499691	25.51358411651121
42.948425978763034	25.851605580811484
43.81604173557398	26.192590663865097
44.701184493300836	26.536540108720914
45.60420832084875	26.88345438067619
46.5254744397892	27.23333367120749
47.46535136885352	27.58617790224543
48.424215071345174	27.94198673047512
49.40244910553017	28.30075955162468
50.400444778065484	28.662495505180665
51.418601300526916	29.027193478736002
52.45732594909905	29.394852112764664
53.51703422749116	29.765469805332298
54.598150033144236	30.13904471689999
55.70110582679564	30.51557477519182
56.826342805469025	30.895057680120562
57.97431107895932	31.277490908765984
59.14546984988227	31.66287172040006
60.34028759736195	32.05119716155391
61.55924226442852	32.44246407112116
62.80282144920165	32.836669085492986
64.07152259993664	33.233808643683496
65.3658532140099	33.63387899260423
66.68633104092515	34.03687619214781
68.03348428941966	34.442796120455874
69.4078518387552	34.851634479118296
70.80998345427655	35.2633867983871
72.24044000732538	35.678048442391784
73.69979369959579	36.09561461431092
75.18862829202311	36.51608036163405
76.70753933829559	36.93944058126429
78.25713442308428	37.36569002471298
79.8380334050845	37.7948233032255
81.45086866496814	38.22683489288784
83.09628535834376	38.66171913970284
84.77494167382804	39.099470264632856
86.48750909632939	39.54008236860527
88.23467267565151	39.98354943747837
90.01713130052181	40.429865346964064
91.83559797815683	40.879023867505325
93.69080011947398	41.33101866910502
95.58347983006632	41.785843326104406
97.51439420705401	42.24349132190831
99.48431564193386	42.7039560536552
101.49403212954563	43.16723083682977
103.54434758328101	43.63330890981658
105.63608215665951	44.10218343839239
107.77007257140046	44.573847520155724
109.94717245212352	45.04829418889255
112.16825266780917	45.52551641887588
114.43420168015871	46.00550712909872
116.7459258989899	46.48825918740305
119.10435004481388	46.97376541469555
121.51041751873485	47.46201858881389
123.96509077982394	47.95301144857563
126.46935173011477	48.44673669763864
129.02420210737824	48.94318700831113
131.63066388583022	49.44235502528828
134.28977968493552	49.94423336931569
137.00261318646898	50.44881464077897
139.770249560003	50.95609142321926
142.5937958969891	51.4660562867747
145.47438165361004	51.97870179154748
148.4131591025766	52.49402049089647
151.41130379405283	53.01200493465597
154.47001502589086	53.53264767227987
157.590516323367	54.055941255912394
160.7740559286073	54.581878243384566
164.02190729990184	55.11045120113811
167.3353696211041	55.64165270707558
170.71576832132283	56.17547535333867
174.16445560511082	56.71191174896953
177.6828109933644	57.250954522703
181.27224187515122	57.792596325318584
184.9341840706834	58.336829832262126
188.670102405666	58.88364774604054
192.4814912972456	59.43304279857715
196.3698753517984	59.98500775349908
200.33680997479166	60.53953540835717
204.38388199296807	61.09661859677963
208.51271028909628	61.65625019056025
212.72494644954682	62.218423101681864
217.02227542494745	62.783130284275934
221.40641620418717	63.35036473651946
225.87912250203328	63.92011950246999
230.44218346064218	64.49238767383969
235.09742436523857	65.06716239170947
239.84670737425537	65.6444368481843
244.69193226422038	66.22420428799033
249.63503718969392	66.80645801005407
254.67799945855464	67.39119136881655
259.822836322951	67.9783977759479
265.0716057862269	68.56807070150873
270.42640742615276	69.16020367533481
275.8893832347824	69.75479028830853
281.46271847528004	70.35182419358016
287.1486425560543	70.95129910773899
292.94942992255045	71.55320881193599
298.8674009670603	72.15754715295911
304.90492295690854	72.76430804426195
311.06441098139294	73.37348546694726
317.34832891785044	73.98507347070601
323.75919041724285	74.59906617471331
330.2995599096486	75.21545776851906
336.97205363007134	75.8342425126895
343.77934066496647	76.45541473987976
350.7241440199136	77.07896885532267
357.80924170885254	77.70489933760292
365.0374678653289	78.33320073931355
372.4117138761822	78.96386768767555
379.93492953814206	79.59689488512322
387.6101242377834	80.23227710985502
395.4403681553241	80.87000921635136
403.4287934927351	81.51008613585951
411.5785957266659	82.15250287684746
419.8930348866748	82.79725452542971
428.3754368592871	83.44433624574474
437.02919471839147	84.09374328035052
445.85777008251716	84.74547095052905
454.864694499525	85.39951465661073
464.05357085927653	86.05586987825386
473.42807483483483	86.71453217470079
482.9919563527855	87.37549718501042
492.7490410932563	88.03876062826592
502.7032320202389	88.70431830375905
512.8585109428291	89.37216609115288
523.2189401080007	90.04229995062181
533.7886638255613	90.71471592297125
544.571910125929	91.38941012973663
555.572992451403	92.06637877326304
566.7963113815957	92.74561813676566
578.2463563937266	93.42712458437245
589.9277076584686	94.11089456114865
601.8450378720822	94.79692459310502
614.0031141255516	95.485211287189
626.4067998114892	96.17575133126104
639.0610565695528	96.86854149405481
651.9709462711725	97.563578625124
665.1416330443618	98.26085965481288
678.578385339443	98.96038159400682
692.2865780364916	99.66214153431723
706.2716945953664	100.36613664776819
720.5393292491601	101.0723641867366
735.0951892419732	101.78082148382364
749.9450971118824	102.49150595171393
765.0949930200384	103.20441508302612
780.5509371268042	103.91954645015211
796.3191120159054	104.6368977050876
812.4058251675433	105.35646657925365
828.8175114814695	106.07825088330966
845.5607358510367	106.8022485069582
862.642195789237	107.52845741874216
880.0687241078031	108.256875665835
897.8472916504176	108.98750137382368
915.9850100811499	109.72033274648538
934.4891347292101	110.45536806555764
953.3670674911841	111.19260569050344
972.6263597918842	111.93204405827007
992.2747156050262	112.67368168304344
1012.3199945349154	113.41751715599716
1032.7702149603992	114.16354914503773
1053.6335572423195	114.91177639454482
1074.9183669957724	115.66219772510838
1096.6331584284585	116.4148120332616