2
19 20 1
-10.101 -10.101 
   0.5 0.4330127018919999 
-1.000000000000486 0.8660254037847194 
 -0.25 0.433012701892 
0.5000000000003242 5.196152422705 
    -1 0.8660254037855615 
    -1 7.794228634064439 
-1.000000000000324 6.062177826495001 
0.5000000000003242 6.928203230275001 
-4.250000000003888 3.46410161514 
    -1 2.525907427706344 
 -0.75 4.185789451626293 
-0.916666666666994 4.378239541357532 
    -1 4.402295802573656 
0.4999999999975082 1.732050807567 
-0.7500000000000001 2.742413778652041 
-0.9166666666676355 2.549963688922283 
   0.5 1.732050807567 
0.500000000000324 3.464101615135 
3 3 1 0
6 14 17 1 3 2 5
4 16 10 5 14
5 16 14 17 18 15
3 15 18 11
4 12 4 18 11
4 13 7 4 12
3 8 7 4
3 8 7 6
3 8 0 6
3 0 2 3
3 17 0 1
5 10 5 2 0 9
3 18 17 0
7 16 10 9 13 12 11 15
3 18 0 4
4 13 7 0 9
3 8 0 4
3 6 7 0
2 8 0
